[[ 4.00625 -1.       0.      -1.       0.       0.       0.       0.
   0.     ]
 [-1.       4.00625 -1.       0.      -1.       0.       0.       0.
   0.     ]
 [ 0.      -1.       4.00625  0.       0.      -1.       0.       0.
   0.     ]
 [-1.       0.       0.       4.00625 -1.       0.      -1.       0.
   0.     ]
 [ 0.      -1.       0.      -1.       4.00625 -1.       0.      -1.
   0.     ]
 [ 0.       0.      -1.       0.      -1.       4.00625  0.       0.
  -1.     ]
 [ 0.       0.       0.      -1.       0.       0.       4.00625 -1.
   0.     ]
 [ 0.       0.       0.       0.      -1.       0.      -1.       4.00625
  -1.     ]
 [ 0.       0.       0.       0.       0.      -1.       0.      -1.
   4.00625]]
